[app/ui]
version = 8.2.0
modtime = 1623006039.274857000

[app/launcher]
version = 8.2.0
modtime = 1623006039.277557000

[views/umbrella_executive_dashboard]
owner = admin
version = 8.2.0
modtime = 1623033015.826048000

[nav/default]
version = 8.2.0
modtime = 1623007103.739304000
